,id,date,value,name,difference
0,C1,2017-01-01,31,Company 1,
1,C1,2017-01-02,35,Company 1,4.0
2,C1,2017-01-03,32,Company 1,-3.0
3,C1,2017-01-06,36,Company 1,4.0
4,C1,2017-01-07,35,Company 1,-1.0
5,C1,2017-01-08,34,Company 1,-1.0
6,C1,2017-01-10,33,Company 1,-1.0
7,C2,2017-01-01,225,Company 2,192.0
8,C2,2017-01-02,223,Company 2,-2.0
9,C2,2017-01-03,223,Company 2,0.0
10,C2,2017-01-06,220,Company 2,-3.0
11,C2,2017-01-07,222,Company 2,2.0
12,C2,2017-01-08,225,Company 2,3.0
13,C2,2017-01-10,224,Company 2,-1.0
14,C3,2017-01-08,340,Company 3,116.0
